10547
11236
10293
10620
10456
11451
10312
11258
10005
11247
11475
11274
10392
10920
10956
11173
11041
10117
11181
11266
11157
10970
10754
11306
10209
11437
10100
11229
10418
11446
11472
11146
10637
10501
11332
10334
11269
10354
10856
10032
10050
11123
10975
11428
10909
10486
11009
10804
10772
10350
10991
10377
10925
11377
11425
10040
11465
10324
11346
10545
10634
11325
10890
10910
10036
10684
10322
11305
11095
11369
10825
11462
11174
10827
10730
10687
11423
10710
11122
10085
11072
11114
11338
10699
10753
11154
10171
11313
10537
10400
11080
10875
10329
11441
10885
10985
10868
10459
10693
10074
10157
11086
10837
11032
10777
11169
10726
10773
11260
10622
10873
10707
10839
10799
10508
11207
10473
10503
10781
11111
10607
10701
10135
10560
10807
10079
10371
11243
11198
10690
10554
10216
11350
11257
10932
10383
10862
11051
10463
10810
10398
10811
10888
10558
10274
10402
11300
10904
10355
10048
10942
10842
10641
10241
11049
10140
10943
10903
10481
10806
10665
10670
10668
10688
11357
10257
11185
11285
10836
11063
10577
10540
10233
10660
11345
10358
10626
10019
11468
10549
10496
11382
10775
10921
11384
11177
11336
10229
10202
11002
11302
10235
10644
10482
11330
10995
11352
10658
11447
10584
11188
11039
10555
10497
10059
10268
10397
10636
10562
10380
10464
10368
10682
10510
11231
10631
11442
11448
10872
10797
10318
11190
10911
10548
10471
10499
10375
10539
10604
11253
11256
10895
10271
10365
10743
10567
10170
11149
11284
11208
10717
10390
10182
10252
11225
10282
10700
11333
10484
11081
10121
10523
10882
10376
10118
10236
10214
10894
10529
10426
11133
11162
10867
10760
10013
10451
11471
11239
11152
11076
10369
10679
11194
11055
11179
10494
10044
11296
10526
10976
10763
10968
10168
11444
10900
10605
10808
11143
10211
10103
10519
10498
10758
10283
11450
11054
10638
11043
11385
10338
11186
10965
10212
10721
10915
10148
10442
11083
11245
11130
11367
11373
10304
10651
10164
10852
10889
10433
11240
11050
10686
10880
11067
10097
10798
10768
10340
11093
10568
10393
10289
10993
10565
11375
10094
11278
10043
10964
10408
10399
